VECTOR EMBEDDINGS (FULL 384 DIMENSIONS)
================================================================================

Total vectors: 32
Dimensions per vector: 384
Showing first 5 vectors with all 384 dimensions:

VECTOR 1 (All 384 dimensions):
[ -0.012549 0.051563 -0.043952 0.010213 -0.045046 -0.116262 0.019461 0.043158 0.053789 0.009412 0.029547 0.070884 0.105475 0.004096 0.019795 0.033618 -0.074343 0.038140 -0.074116 -0.008682 0.042378 -0.031944 -0.058885 0.024358 -0.046344 0.138739 0.027304 -0.025326 0.003394 -0.083114 0.067450 -0.016396 0.096449 0.076586 -0.008821 -0.004440 0.031891 -0.046694 -0.093993 0.004292 -0.089403 0.061582 -0.023147 0.024404 0.035742 0.064196 -0.003717 -0.043077 -0.047513 0.024853 -0.126573 0.043604 -0.054610 0.062151 0.014241 0.048527 0.033071 -0.001342 -0.092512 -0.005078 -0.021958 -0.004423 0.002783 -0.028781 -0.004992 0.035817 0.019808 0.039384 0.033411 -0.039609 0.021970 0.027963 -0.023181 0.103313 0.004260 -0.042207 -0.012929 0.015877 0.073557 -0.054954 0.042010 0.042240 -0.022352 0.022943 -0.004116 -0.024105 0.016943 0.049087 -0.054795 -0.019409 -0.010675 -0.021132 -0.036670 0.025701 0.045995 0.003090 0.067921 0.023004 0.099600 -0.036081 0.043016 0.102897 0.032138 -0.000631 -0.015324 -0.065498 0.022235 -0.019241 -0.063346 -0.068832 -0.027775 -0.003886 -0.120481 -0.060768 -0.024482 -0.129604 -0.114157 0.007335 -0.052496 0.015792 0.058337 -0.011088 -0.002813 0.071176 -0.008343 -0.114709 -0.078697 0.000000 -0.048959 -0.056167 -0.038799 0.000444 0.006009 -0.024733 0.017749 0.037059 -0.037088 0.057434 -0.030397 0.003270 0.001784 0.007776 0.108443 0.017376 0.008772 0.045180 -0.017317 -0.025600 0.060995 0.057307 0.029055 0.009025 0.045094 0.017476 -0.019622 -0.068403 -0.070726 -0.011322 -0.010645 -0.064643 -0.017117 0.022013 0.067512 -0.009210 0.036258 -0.062192 0.011016 -0.055606 0.042592 0.019616 0.035609 0.030784 -0.103829 -0.016497 -0.007534 -0.009068 0.004642 -0.017498 0.037406 -0.008335 0.014012 0.044451 -0.029486 0.029261 -0.092318 -0.014644 0.013547 0.103975 -0.063967 0.035425 0.026899 0.044104 -0.037867 -0.044027 -0.057605 0.001052 0.125691 0.007430 -0.027568 -0.019798 -0.013411 0.014843 -0.023865 0.046582 -0.004685 -0.028289 -0.088938 0.007470 -0.053367 -0.005723 0.060117 -0.001446 -0.044147 -0.003614 0.048212 -0.031176 -0.043071 -0.007390 -0.035503 -0.000087 0.026055 -0.047873 0.018472 -0.000000 0.076785 0.032832 -0.013600 -0.052402 -0.008779 -0.002782 -0.009529 -0.058175 -0.013533 -0.030064 -0.053256 -0.010092 0.104565 -0.046895 0.014936 0.074318 -0.018208 -0.049087 -0.036075 0.020135 -0.132370 0.043149 0.003797 -0.084074 -0.016996 -0.005634 -0.040008 -0.055027 0.096317 0.058997 -0.044851 -0.048809 0.038151 0.018269 0.001208 -0.056338 0.056948 -0.056900 0.038395 -0.018179 0.025325 0.108674 -0.017844 -0.067203 0.058852 -0.003162 -0.082470 0.080684 -0.070849 -0.080000 0.055629 -0.019749 0.016049 -0.066757 0.050456 0.047755 -0.013156 -0.019693 0.015149 -0.005091 0.024210 -0.133472 0.034968 0.063703 -0.049112 -0.025192 -0.024541 -0.110921 -0.105434 -0.003038 -0.003609 0.028689 -0.033582 0.105775 -0.000637 -0.053883 -0.062338 0.017843 0.028173 0.050344 -0.013735 -0.014661 -0.022736 0.031802 -0.005555 0.005691 0.040640 -0.000210 0.004041 -0.081493 -0.057586 -0.015009 -0.030868 0.092752 0.014410 -0.000000 -0.070933 -0.153193 0.083842 0.026115 0.085037 -0.037556 0.006325 0.076887 0.018465 -0.013558 0.093064 0.008488 -0.090428 -0.083294 0.034400 0.080328 0.091764 -0.089063 0.005526 0.062703 0.061465 -0.023250 -0.071200 0.101886 0.083813 -0.034907 0.014135 0.039712 -0.005857 0.006582 0.019574 -0.005065 0.069445 0.001612 0.049202 -0.052380 0.152613 0.038441 -0.055112 -0.023124 0.032376 -0.017810 -0.024195 0.038260 0.093864 0.018481 -0.047136 0.040198 -0.029071 0.022420 -0.035180 0.048357 -0.057294 0.033887 -0.068437 0.003333 -0.020295 -0.006731 -0.008310 -0.049419 -0.002963 0.066062 0.032869 -0.038162 ]

VECTOR 2 (All 384 dimensions):
[ -0.005316 0.042416 -0.042488 0.019116 -0.041127 -0.158103 -0.025988 -0.011592 0.009422 0.050779 0.004902 0.046363 0.035850 0.013749 0.009699 0.092924 0.011265 0.027079 0.000252 -0.087031 0.041630 -0.042339 -0.050997 0.020542 -0.008412 0.038441 -0.027436 -0.019364 0.057498 -0.065401 0.048158 -0.011090 0.066306 0.061550 -0.093794 0.023410 0.024505 -0.021760 -0.065754 0.093033 -0.028500 0.081169 -0.023076 -0.019463 0.004478 0.024059 -0.106503 -0.024973 -0.069316 0.042400 -0.137210 0.000076 -0.067746 0.000743 0.065219 0.023117 -0.011442 -0.061761 -0.030052 0.022483 0.062918 -0.005305 -0.000516 -0.063873 0.011714 0.056919 0.011301 -0.008212 0.037766 0.003316 0.042291 0.032316 -0.039559 0.068249 -0.023823 0.024036 0.072783 0.002957 -0.042956 -0.058296 -0.010245 0.066565 -0.063126 -0.012110 -0.028355 -0.016075 -0.039947 0.032085 0.007213 0.062256 -0.034095 0.055409 -0.021495 -0.038785 0.048548 -0.007056 0.074927 0.017814 0.022436 0.020287 0.020527 0.040971 0.034446 -0.036229 -0.049874 0.020653 -0.031626 -0.052671 -0.094605 -0.021082 -0.021361 -0.009134 -0.097990 -0.048593 -0.086365 -0.079775 -0.081013 -0.034769 -0.016231 0.083439 0.015285 -0.000228 0.003946 0.009089 0.010832 -0.054351 -0.048607 0.000000 -0.013066 -0.005767 0.024304 -0.046132 0.017495 0.014014 -0.021930 -0.031502 -0.019747 0.024358 -0.071778 -0.004801 -0.013910 0.050565 0.113070 -0.067252 0.109885 0.012853 -0.014184 -0.048146 0.036454 -0.005152 -0.013095 0.047397 0.099194 0.019962 0.012999 -0.074418 -0.017906 0.004304 -0.017414 -0.014532 -0.001136 0.013046 0.040563 -0.003148 -0.027626 -0.049877 0.051680 -0.084680 0.012067 0.007228 0.017335 0.048993 -0.080086 0.042780 -0.039954 0.025830 0.030677 0.017453 0.003370 0.000791 0.023719 0.061071 -0.012584 -0.016426 -0.033987 0.066674 0.031974 0.174910 -0.019757 -0.005274 -0.034741 0.019103 -0.020722 -0.006536 -0.063869 -0.041175 0.106045 -0.045989 -0.021360 0.060920 -0.014053 0.002938 -0.043026 0.004960 -0.013873 -0.064262 -0.055022 -0.016391 -0.110887 0.003656 0.089956 -0.017609 0.029643 -0.041744 0.046096 0.075709 -0.011682 0.010198 -0.034337 0.054258 0.043397 -0.018814 0.086988 -0.000000 0.016011 0.040524 0.062830 -0.004664 0.047089 -0.018574 -0.059649 -0.123234 0.006646 0.006922 -0.072825 -0.041764 0.069333 -0.057204 0.072561 -0.001063 -0.069545 -0.012783 -0.003316 0.048123 -0.032253 0.121525 -0.045661 -0.018031 0.042825 -0.019736 -0.039325 -0.036966 0.028435 0.054615 -0.050627 -0.057837 0.038817 -0.043833 0.041786 -0.025439 0.109375 -0.013189 -0.004354 0.006600 0.032609 0.055236 -0.017352 -0.065344 -0.012825 0.043188 -0.089682 0.062508 -0.084973 -0.010405 -0.020240 0.029333 0.046973 -0.026131 0.052704 -0.015176 -0.018647 0.038828 0.025079 -0.054353 -0.016599 -0.103625 0.056032 0.063137 0.036357 -0.045999 0.004884 -0.165169 -0.134358 0.007666 -0.020870 0.081901 -0.065204 0.006742 0.043987 -0.045978 -0.048230 0.024761 -0.005004 0.074596 -0.046103 0.046266 0.041445 0.039255 -0.021803 -0.006919 0.052090 0.003754 0.070960 0.014818 -0.026285 -0.029271 -0.049016 0.086152 0.021008 -0.000000 -0.100836 -0.120766 0.030156 0.040280 0.118160 -0.032316 0.087854 0.134104 -0.009723 -0.023761 0.061899 0.040229 -0.050469 -0.036779 0.087517 -0.023785 0.058448 -0.074760 0.016732 0.056334 0.017099 -0.035902 -0.058480 0.154349 0.006738 -0.075390 0.022141 0.009412 0.004144 0.020454 0.009908 -0.039494 0.062727 0.026575 -0.023058 -0.041198 0.085203 0.082094 -0.090972 0.022690 0.040765 0.061993 -0.016665 0.009039 0.081410 0.030545 -0.078833 0.007114 -0.015897 -0.020008 -0.074103 -0.024402 -0.035651 -0.051594 -0.055598 0.002817 -0.005426 -0.029054 0.058576 -0.007328 0.061500 -0.050322 0.056005 -0.025971 ]

VECTOR 3 (All 384 dimensions):
[ -0.011378 0.030957 -0.035952 -0.035951 -0.004242 -0.062008 -0.053080 -0.028009 0.039838 0.024206 -0.045539 0.098628 0.045781 -0.001391 -0.038836 -0.015678 -0.002674 -0.030884 0.030744 -0.052734 0.025462 -0.054980 -0.070915 -0.076788 -0.025213 0.059289 -0.011680 -0.119116 0.008467 -0.000851 0.060244 -0.014589 0.142074 0.027017 -0.132479 0.025999 -0.082600 -0.023374 -0.003035 0.056601 -0.040995 0.025356 0.022152 0.003220 0.041015 0.026088 0.060500 -0.073154 -0.023620 0.017000 -0.110785 0.019925 0.001172 0.041076 -0.017168 -0.105921 -0.000129 -0.031844 -0.029518 0.012945 -0.014825 -0.077119 0.033255 -0.059888 0.094041 0.019811 0.069651 -0.022312 0.002990 -0.024400 0.029588 0.098526 -0.079385 0.021153 -0.009308 -0.005804 0.075474 -0.007052 -0.016541 -0.016897 0.092220 0.061442 -0.041228 -0.044551 0.003298 -0.012293 0.014442 0.019326 0.151171 -0.037574 0.008152 0.000906 -0.031347 -0.038974 0.062196 0.037948 0.022444 0.097232 0.062807 -0.016831 0.042428 0.025363 0.039722 -0.019982 0.021019 0.068382 0.036305 -0.019823 -0.062413 -0.120580 0.045812 -0.040325 0.011547 0.039976 0.011401 -0.044084 0.018011 0.014565 0.005634 0.043224 0.012408 0.031353 0.069942 -0.010926 -0.020107 0.011745 -0.108935 0.000000 -0.110972 -0.008650 -0.045466 0.030549 -0.025393 -0.011171 0.058301 0.015949 0.047811 0.065107 -0.044714 -0.030972 0.004880 0.023995 0.083062 0.027932 0.084774 0.017516 -0.041474 -0.098877 0.064462 -0.089078 0.001863 -0.023017 0.034730 -0.075257 0.071670 -0.112333 -0.023894 -0.033315 -0.004231 0.049922 -0.047443 0.080615 0.098119 0.002212 0.095832 0.011034 0.040248 -0.021450 -0.054639 -0.012680 0.008923 -0.015304 -0.086825 -0.034848 -0.069119 0.005090 0.009923 0.042598 -0.001705 -0.031656 -0.011931 0.036731 0.034998 0.067523 -0.042175 0.019431 0.020807 0.185313 -0.053926 -0.053559 0.013669 0.024331 -0.057657 0.003218 -0.033455 0.003551 0.109876 -0.017086 0.018238 -0.016182 0.057815 -0.044618 0.075742 -0.061710 0.126611 -0.042104 -0.093644 0.013103 -0.036390 0.051691 0.099730 0.018159 0.034941 -0.022298 0.009975 -0.021258 -0.067444 -0.038890 -0.065659 0.066185 -0.017092 0.000989 0.026779 -0.000000 -0.008710 -0.039846 0.055242 0.013539 0.065492 -0.076128 -0.082782 -0.084521 0.072968 -0.047084 -0.079660 -0.013845 0.088316 -0.015821 -0.031371 0.078991 0.010782 0.017610 0.013430 0.055492 -0.027878 0.018266 -0.054302 -0.002351 -0.029882 0.021215 0.012906 0.003549 -0.017922 0.003917 -0.110284 -0.030431 -0.045702 0.053103 -0.030981 0.052050 0.039847 0.022250 0.016798 0.016990 0.054420 0.050076 -0.006564 -0.060072 0.040694 0.036004 -0.067738 -0.008218 0.070214 0.007233 0.042050 0.051622 -0.008382 0.006486 0.027955 0.015215 -0.054976 0.048836 0.074839 -0.015360 -0.015326 -0.025902 -0.010598 0.077787 -0.048742 0.009312 -0.022107 -0.060999 -0.008982 0.059090 0.034433 0.038608 -0.024128 0.017117 -0.050476 0.018054 -0.019722 -0.051624 -0.032290 0.038689 0.002541 0.043331 0.003297 -0.061153 -0.093775 0.140041 0.133655 -0.063975 -0.012144 -0.079762 -0.006807 0.039147 -0.026026 -0.042789 -0.009037 -0.000000 0.017814 -0.080155 0.022733 -0.072063 0.139151 -0.005026 0.029349 0.097684 0.025716 -0.041671 0.039988 0.009304 -0.023235 0.040583 -0.024117 0.061744 -0.072719 -0.109079 -0.042987 0.022406 0.026780 0.031749 0.000975 0.053481 -0.017127 -0.084974 0.042572 -0.004553 0.007071 0.010653 -0.021566 0.040497 -0.013440 -0.017938 0.058730 -0.036698 0.027177 -0.017440 -0.068961 -0.030316 -0.002480 0.042440 0.049209 -0.018838 0.044423 -0.049703 -0.042345 -0.003363 -0.024470 -0.089918 0.064467 -0.009629 -0.070000 0.001844 0.035768 0.018132 -0.053127 -0.057215 0.022411 -0.007748 -0.043281 -0.028392 -0.017653 -0.091789 ]

VECTOR 4 (All 384 dimensions):
[ -0.003107 0.001957 -0.104948 -0.016858 0.020790 -0.068414 -0.014101 -0.051567 -0.016954 -0.041400 0.019897 0.056617 0.005693 0.051265 -0.009606 0.088430 0.017241 -0.041634 0.009775 0.036275 0.087564 -0.047938 -0.134796 -0.018944 0.020879 0.057226 0.048009 -0.006116 -0.041697 0.040059 0.010114 0.086415 0.039438 -0.010767 0.015766 0.081625 0.057743 0.084864 -0.064361 0.072021 0.036596 -0.004797 0.000452 0.030677 0.105331 -0.027031 0.001612 -0.060613 0.020957 -0.072020 -0.033484 0.013752 -0.003872 -0.000083 0.023498 -0.131676 -0.055590 0.031149 -0.041242 0.019343 -0.000612 0.026142 0.010938 0.037179 0.095277 0.044943 -0.007879 -0.008660 -0.018819 0.017897 -0.010843 0.051127 0.041008 0.037378 -0.022419 -0.093500 0.039705 -0.022440 0.024647 0.110703 0.018307 0.045854 -0.075329 -0.045287 -0.060075 -0.049915 -0.043388 0.039020 0.046999 0.003643 -0.019243 0.062998 -0.098897 0.018553 -0.084215 0.025030 0.039549 0.011594 0.009042 0.056593 0.043069 -0.054191 0.033669 0.027743 -0.044347 0.032304 0.009060 0.041862 -0.059860 -0.035685 -0.012213 -0.071075 -0.060889 0.040082 -0.044993 -0.059051 0.010327 0.036760 0.005773 0.034147 -0.026498 0.004517 0.054230 0.024460 0.004736 0.029882 -0.157272 0.000000 -0.011428 0.066410 0.026535 -0.006600 -0.046474 -0.029857 0.115476 -0.019732 0.055272 0.057593 -0.054828 0.058003 0.056395 0.093812 -0.020435 0.016461 0.064371 0.008688 0.023297 -0.057353 -0.031013 0.093872 0.014589 -0.002477 0.011941 -0.030766 0.065162 -0.161540 -0.045565 -0.007253 -0.073139 0.055788 0.088286 -0.031072 0.078948 0.013280 0.068210 -0.066030 0.033262 -0.027219 0.020236 -0.048815 0.066729 -0.041719 -0.073956 -0.017638 0.008242 0.016721 0.006408 0.027757 0.015624 -0.034455 -0.030602 0.093546 -0.041685 -0.054207 -0.076900 -0.029642 0.028797 0.036488 -0.068013 -0.097030 -0.014101 -0.040560 0.007620 0.005925 -0.013627 -0.074690 0.053079 0.033145 -0.031484 0.029023 0.050215 -0.039275 0.100601 -0.039665 0.119483 -0.049506 -0.074453 -0.043232 -0.023385 0.019787 0.068108 -0.027430 -0.091039 0.087435 0.039029 0.000118 -0.036723 -0.115531 0.008761 -0.005155 -0.061949 -0.056477 0.023824 -0.000000 0.016923 0.035986 -0.043745 -0.033313 -0.005310 -0.032551 0.003368 -0.035939 0.071851 -0.035286 -0.061591 -0.027113 0.040081 0.019505 0.000467 0.024148 -0.059877 0.000574 -0.048156 0.024246 -0.007855 0.135030 -0.041010 -0.017155 -0.022329 0.007054 0.017947 -0.021232 0.070096 0.006416 0.024517 -0.071566 -0.019505 -0.021131 0.056905 0.045722 -0.028194 0.008160 0.004767 -0.053544 -0.045153 0.054685 -0.028686 0.012006 -0.006430 0.014284 -0.005888 0.019519 0.028462 0.027584 -0.018863 0.053193 0.020248 0.032992 -0.002802 -0.019821 -0.087042 -0.005623 0.067030 -0.056513 -0.047960 -0.083445 0.036371 -0.021250 0.036669 -0.000112 -0.021589 -0.011253 -0.093739 0.059240 -0.007916 -0.025421 -0.025509 -0.008926 -0.042274 -0.044180 -0.022307 -0.017413 -0.026581 0.086516 0.045866 0.078921 0.023753 -0.010130 -0.010792 0.052879 0.068794 0.016938 0.048831 -0.053237 0.126057 0.037673 0.021411 0.028453 -0.046998 -0.000000 -0.041434 -0.048394 -0.004768 -0.023111 0.062086 -0.097484 0.095333 0.004174 0.043373 -0.050802 0.045445 -0.025167 -0.081178 -0.089033 0.010130 0.061026 0.003109 -0.033471 -0.033175 -0.037751 -0.085820 -0.025440 -0.162071 0.038002 0.082616 -0.063260 -0.033737 0.062175 0.090372 0.027903 -0.034249 -0.001701 0.077587 -0.022741 0.021442 0.084924 0.070905 0.005308 -0.076993 -0.105032 -0.056855 -0.039516 0.078426 -0.006964 0.027082 -0.041363 -0.041971 -0.061861 0.040776 -0.044027 0.007832 0.057107 -0.069623 0.030558 -0.050850 -0.043736 -0.081262 -0.011265 0.067037 -0.032844 0.005829 0.081613 0.033690 0.042421 ]

VECTOR 5 (All 384 dimensions):
[ -0.073289 -0.051693 0.007356 -0.029151 -0.038417 -0.101867 0.050464 -0.029284 0.088951 0.032960 0.025922 0.048822 0.012348 -0.078171 -0.044120 0.030602 -0.074119 0.000473 0.016646 -0.078660 0.032274 -0.019802 -0.083605 0.037721 0.024795 0.011610 -0.024978 -0.003832 0.047726 -0.041846 0.063915 0.015814 0.063054 -0.003844 -0.057829 0.144017 -0.035811 -0.076877 -0.039006 0.043984 -0.043325 -0.012485 -0.032583 0.011348 0.085539 0.044853 -0.041988 0.009674 -0.063462 0.002150 0.017015 0.063257 0.006710 0.044450 0.062630 -0.012650 0.061308 -0.055922 -0.039349 0.008857 -0.042496 0.009980 -0.004488 -0.034723 0.137293 0.044537 0.000673 0.005128 0.009450 0.062131 -0.058478 -0.010328 -0.068229 0.032447 -0.006727 0.057126 0.048262 -0.034511 -0.061224 0.027634 0.056784 0.029561 0.022431 0.015294 0.022124 -0.014879 -0.022178 0.003245 0.067639 0.042530 -0.009147 -0.026530 0.048950 0.021444 0.062163 -0.001040 0.010969 -0.043881 0.015691 0.037607 -0.022470 0.048034 0.019760 -0.068413 -0.102958 0.031291 -0.049377 0.001919 -0.075660 -0.094710 -0.004968 -0.050904 0.045549 0.062276 -0.007189 -0.031355 0.044991 -0.025407 0.032695 -0.032611 0.015959 0.006314 0.000533 0.034229 -0.053645 -0.035518 -0.057741 0.000000 -0.038652 -0.004864 -0.054371 0.008451 0.018084 -0.027756 0.052755 -0.054019 -0.029179 0.067951 -0.013098 -0.006460 0.061872 0.013348 0.033569 -0.066236 0.124620 0.036157 -0.146676 -0.086017 0.036594 0.049604 -0.048155 -0.026767 0.074680 0.011288 -0.050786 -0.064991 -0.024093 -0.003167 -0.056499 0.075473 -0.057427 0.035308 0.094940 -0.004397 0.008768 -0.071335 0.041381 -0.011421 0.023925 0.011331 -0.026350 0.060315 -0.058737 -0.087843 -0.062856 0.053038 -0.010112 -0.026741 0.039228 0.018813 0.028389 -0.026228 -0.042296 0.008294 0.011289 0.059753 0.031935 0.136454 0.023687 0.059815 -0.067218 0.042259 -0.071605 0.017910 -0.063518 0.030651 0.063835 0.071897 0.003719 0.107222 -0.027517 0.001982 -0.000928 -0.020614 -0.038978 -0.102093 -0.011797 -0.030011 0.007018 0.027449 0.007484 -0.041437 0.055627 -0.068805 0.012688 -0.058837 -0.048416 0.024411 -0.065463 -0.051971 0.056061 -0.046481 -0.022363 -0.000000 -0.024923 0.002599 0.005976 0.018412 -0.099305 -0.076269 0.024843 -0.028670 -0.007671 -0.076941 -0.068505 0.073335 0.031690 0.002639 0.111512 0.080149 -0.083415 -0.089717 -0.083287 -0.042317 0.010226 -0.005854 0.027447 0.019462 -0.062172 -0.004747 0.000654 0.061072 0.142838 -0.014123 -0.062998 -0.060056 0.000853 0.060992 0.039515 0.005788 0.037515 0.004245 0.029923 -0.069039 0.098465 -0.000118 0.039158 0.039854 0.031186 0.031114 -0.139682 0.095007 0.007285 -0.115060 -0.016553 0.009918 0.055981 0.064542 -0.043555 0.080458 -0.002321 -0.037047 0.063675 -0.059329 -0.019599 -0.095395 0.015546 0.067114 0.069526 -0.049008 -0.018295 -0.076295 -0.087278 -0.021784 0.020607 0.073046 0.001174 -0.065305 -0.037231 0.012708 -0.086849 -0.049162 0.007537 -0.018387 -0.027041 0.041770 0.006865 0.012981 -0.057640 -0.027415 0.042917 0.041692 -0.016701 -0.074652 0.025083 -0.016705 0.023914 0.014926 0.008316 -0.000000 0.015556 -0.093983 0.029494 0.031806 0.088136 -0.024159 0.036900 0.040716 -0.001104 -0.108664 0.016639 0.014193 -0.023075 -0.047089 0.109861 0.042517 0.028805 0.016021 -0.026194 -0.018561 -0.065861 -0.010885 0.015825 0.094265 -0.084806 -0.002620 0.033465 0.054996 0.052645 -0.052453 0.077913 0.010098 0.065874 0.065995 0.013495 0.103007 0.029770 0.030668 -0.025914 0.019876 -0.028205 0.026935 -0.016501 0.024799 -0.007998 -0.023653 -0.112368 -0.014153 0.002611 -0.022963 -0.049276 0.034936 -0.077157 0.064905 -0.023694 -0.006248 -0.033628 -0.028936 0.038977 0.101206 0.049213 0.077797 0.067653 -0.029172 ]

