VECTOR EMBEDDINGS (FULL 384 DIMENSIONS)
================================================================================

Total vectors: 12
Dimensions per vector: 384
Showing first 5 vectors with all 384 dimensions:

================================================================================

VECTOR 1 (All 384 dimensions):
[ -0.053883 0.048821 -0.009363 -0.006496 0.059004 -0.107342 0.085413 0.082225 0.054081 0.010495 -0.060962 -0.028685 0.049946 -0.109850 -0.008987 -0.081496 0.059764 -0.079895 -0.047230 0.051359 0.117603 -0.002198 -0.077231 0.029672 -0.055408 0.010679 -0.032136 -0.049392 0.033126 0.017051 0.029900 -0.023898 0.139135 0.034241 -0.005880 -0.010032 0.084586 -0.114352 -0.114011 -0.006495 -0.109292 0.026976 -0.035969 0.064029 0.025753 -0.025440 0.021130 -0.011307 -0.066645 0.011749 -0.050042 0.021085 0.005363 0.013455 0.016581 0.009111 0.042068 0.014405 -0.100019 0.009931 -0.029334 -0.055231 -0.004061 0.039379 0.041796 -0.021110 -0.002390 -0.030156 0.046844 -0.082467 -0.048878 -0.069894 -0.002300 0.061164 -0.052826 -0.040583 -0.039954 -0.010351 0.000340 -0.079429 0.058874 0.058400 -0.041908 -0.005836 -0.051000 0.062696 -0.025147 0.019372 0.039354 0.030641 0.008633 0.043516 0.038401 -0.010040 0.107057 -0.012881 0.028304 -0.041210 -0.039088 0.042474 0.005347 0.004087 0.108118 -0.011622 -0.025399 0.011164 -0.016702 0.033230 -0.051097 -0.049522 -0.017405 -0.053635 -0.074524 -0.016792 0.002690 -0.049876 0.056325 0.062812 -0.000492 0.039999 0.006728 -0.023466 -0.029220 -0.082754 0.006627 -0.067991 -0.029604 0.000000 -0.043745 -0.077874 -0.047566 -0.036297 -0.035255 -0.049214 -0.006939 0.005282 -0.012842 0.076727 0.040856 0.083204 -0.000892 0.038841 0.137624 0.075018 0.038765 0.025522 0.076457 -0.014204 0.023677 0.050803 -0.040638 -0.057370 0.011213 -0.011767 -0.048711 -0.098063 -0.038744 0.008210 -0.059510 0.039645 -0.087796 -0.029762 0.000996 -0.027548 0.004911 -0.040018 -0.000475 -0.048948 -0.075139 -0.012032 0.052175 -0.008257 0.036530 -0.058921 -0.031491 0.042206 -0.058745 -0.002457 0.038185 0.042686 0.145371 0.023543 -0.043855 -0.004802 0.037801 -0.039369 0.017987 0.131613 -0.042652 -0.029229 0.039302 0.080476 -0.031830 -0.079101 0.034082 0.015670 -0.024339 0.096800 -0.061930 -0.027876 0.028636 0.019185 -0.007600 0.032146 0.088913 0.011992 -0.163563 0.032445 -0.085433 -0.023008 0.010327 -0.039171 -0.075551 0.010622 -0.040093 -0.017396 -0.002699 -0.006257 0.045293 0.012573 -0.035722 0.059423 0.004922 -0.000000 0.029051 -0.021287 -0.024870 -0.073280 -0.031553 0.039483 -0.043855 -0.069680 -0.122864 -0.054943 -0.118945 -0.005222 0.050620 -0.045140 -0.019686 0.014489 0.016999 0.009462 -0.037879 0.032976 -0.033182 0.129854 0.023951 -0.076670 -0.035391 -0.047525 -0.049036 -0.017627 0.081780 0.056226 0.056618 -0.071986 0.030182 -0.048763 0.042877 0.030361 0.035079 -0.048562 0.034501 0.021691 0.082662 -0.031393 0.050688 -0.001531 0.049369 0.039339 -0.030775 -0.052800 0.003592 -0.105966 0.121111 0.005790 0.073876 0.004867 0.055295 -0.046831 0.029511 0.008684 0.016098 -0.025676 0.074495 -0.048993 -0.024027 0.069466 -0.047640 0.014229 0.035174 0.002161 -0.040386 -0.007365 0.008301 0.036533 0.029447 0.042401 -0.047047 0.093865 -0.008469 -0.110902 -0.099215 -0.012065 -0.018727 -0.002923 -0.017198 0.003143 -0.049364 -0.006811 0.007370 -0.023686 -0.012568 -0.053961 -0.058236 0.005363 -0.108748 0.086567 -0.087829 -0.000000 0.050712 -0.043164 0.046998 -0.004606 -0.006108 0.063545 0.013065 -0.034720 0.047089 0.050802 0.008748 -0.078190 -0.033696 -0.069198 0.107118 0.117402 -0.044440 0.019718 -0.005574 -0.010643 0.075582 -0.025411 -0.059917 0.008677 0.006742 -0.052418 -0.000511 0.025079 0.010879 0.081879 0.011312 0.005959 -0.010616 0.080294 0.034188 -0.007173 -0.002264 0.048055 0.043706 -0.033131 -0.053491 0.023307 -0.005620 0.024793 0.023847 0.054718 -0.078757 0.027255 -0.039346 0.016313 0.018238 0.009677 -0.023018 0.082445 -0.036087 0.056328 0.010561 -0.034650 0.041434 0.019831 0.002137 0.056364 0.045852 0.024149 ]

VECTOR 2 (All 384 dimensions):
[ -0.033739 -0.075882 -0.033817 -0.031670 0.087424 -0.052291 0.069821 0.085087 0.049499 0.002266 0.004325 0.021678 0.013947 -0.092336 0.062059 -0.012813 0.076793 -0.055834 -0.029056 0.026412 0.081912 -0.026089 -0.082057 0.009607 -0.036098 0.048169 0.021924 -0.011325 0.006228 0.046250 -0.003738 0.049270 0.020440 -0.049331 -0.040602 0.095695 0.012275 -0.082302 -0.084296 -0.000943 -0.086613 0.020736 -0.067129 0.023252 -0.020955 0.011803 -0.015672 -0.013567 -0.081490 -0.072016 -0.056628 0.075721 -0.046016 -0.019519 0.013238 0.040764 0.089143 -0.013698 0.001576 0.026912 -0.061387 -0.004532 -0.020316 0.047818 0.069325 0.033117 0.011110 -0.080323 0.062401 -0.150804 -0.057917 0.004338 0.007660 0.028230 -0.002302 -0.080758 0.000086 0.034294 0.004463 -0.119826 0.059175 0.120346 -0.008937 0.001875 -0.032903 0.023198 0.009536 0.001597 -0.020831 0.024247 0.095052 0.006599 0.050615 0.000360 0.032932 -0.027927 0.044450 0.054391 0.034281 0.009699 0.005666 -0.024517 0.034300 0.017847 -0.016839 0.032465 0.023808 0.055138 -0.032256 -0.025345 0.009860 0.077677 -0.074168 0.019431 0.037278 -0.057226 0.100872 -0.024505 0.059706 0.129476 -0.016141 0.000425 -0.059642 -0.094903 -0.065067 -0.031954 -0.039667 0.000000 -0.022360 -0.121514 -0.019961 0.002036 -0.055809 0.031108 0.010450 0.003527 0.046685 0.011933 0.062396 0.029765 -0.017437 0.033713 0.079334 -0.040326 -0.001389 -0.010667 0.054257 0.000050 -0.010053 0.033327 -0.027527 0.032596 0.048502 -0.009631 0.002189 -0.079141 -0.031972 0.000946 -0.065918 0.001097 -0.074199 -0.004470 -0.020586 -0.000733 0.039082 -0.046381 -0.018129 -0.102112 -0.084916 0.039794 0.002334 -0.033802 0.013878 -0.094172 -0.070434 0.042170 -0.024940 -0.012665 0.104311 0.046005 0.164334 -0.011785 0.003011 0.014393 0.025333 -0.067876 0.041459 0.176566 0.022507 -0.005342 -0.014305 0.069620 0.085084 0.036884 0.019706 -0.081529 -0.043827 0.037234 -0.059401 0.011151 -0.007166 0.092262 -0.018269 0.043303 -0.055460 0.000300 -0.150932 -0.006194 0.009263 0.067497 -0.010091 -0.039729 -0.032942 -0.003107 -0.022669 -0.073588 -0.018189 -0.056588 0.054998 -0.044902 0.076582 0.059999 -0.036664 -0.000000 0.047465 -0.057592 -0.034029 0.014387 -0.012209 0.046296 0.064905 -0.051333 -0.099725 -0.029370 -0.093570 -0.034798 0.022574 0.036341 0.058178 0.002572 -0.005422 -0.028334 -0.002075 0.031754 -0.009307 0.092949 0.019559 -0.073498 -0.114342 -0.065449 -0.041951 0.084678 0.036862 -0.049153 0.042002 -0.012411 0.009262 0.019782 -0.012511 0.023029 -0.032744 0.008617 -0.005710 0.050159 0.042581 0.002164 0.068868 0.013704 -0.042384 0.076079 -0.074352 -0.044878 -0.045464 -0.094817 0.018332 -0.007271 -0.013786 0.012275 0.004696 -0.027557 0.025464 -0.055562 0.017066 -0.056993 0.087834 -0.055342 0.011035 0.022577 0.028958 0.025959 -0.032777 -0.108086 -0.050032 -0.054952 0.011919 -0.024773 0.025794 -0.011639 -0.053031 0.024928 0.032476 -0.116107 -0.044323 0.028603 -0.026592 -0.031958 -0.028571 0.016413 -0.138776 0.039197 -0.015621 -0.027298 0.007536 -0.105669 -0.022917 -0.038659 -0.022753 0.027706 0.024391 -0.000000 0.069330 0.038698 0.061317 0.036736 -0.015698 0.010554 0.046908 -0.034410 0.014074 0.091600 -0.035684 -0.005770 -0.021408 -0.089406 0.064561 0.102333 0.006135 0.015638 0.064882 -0.038186 0.067405 -0.024355 -0.032236 0.081337 -0.027172 -0.084462 0.111106 0.078380 0.067468 0.012743 -0.017430 0.013303 -0.015070 0.006197 0.007037 -0.030426 -0.066398 -0.031537 0.066434 0.020847 0.022119 -0.024731 -0.032255 0.017558 -0.031756 0.024363 -0.050142 0.019936 -0.029470 0.025649 -0.015094 0.011724 -0.023977 0.100144 0.033952 0.050102 0.005904 -0.086160 0.037613 0.041076 -0.014665 0.033433 -0.015401 -0.003871 ]

VECTOR 3 (All 384 dimensions):
[ -0.024979 0.011929 -0.079715 -0.026852 0.026097 -0.053271 0.030822 0.095172 -0.003631 -0.000861 0.046962 0.013184 -0.032632 -0.052456 -0.079950 -0.065014 -0.003758 -0.046388 -0.074117 0.014227 0.078299 -0.026993 -0.056732 -0.014639 -0.062329 -0.011262 0.052675 -0.030990 0.002402 -0.024318 -0.029654 0.019772 0.054717 -0.023234 0.027173 0.069507 0.074141 -0.102892 -0.054430 -0.082100 -0.022267 -0.014905 -0.036984 0.111254 0.004197 0.050682 0.061039 -0.040462 -0.060233 -0.050896 -0.061536 0.073131 0.029747 0.008919 -0.033719 -0.024850 0.057202 -0.046316 0.004500 0.006491 -0.058780 0.020582 -0.013896 0.036869 0.049113 0.030904 0.080314 -0.040220 0.080407 -0.092317 -0.032411 -0.022129 -0.054610 0.059422 -0.041105 -0.012404 -0.023819 0.011870 0.017978 -0.157028 0.008511 0.017480 0.061009 -0.050728 -0.007980 0.033113 -0.013088 0.048157 0.026312 0.022755 -0.002921 0.062088 0.009853 0.009858 0.047277 -0.004466 0.057238 0.025070 -0.013603 0.007522 0.008603 -0.026128 -0.026779 0.076963 -0.022127 -0.054357 -0.050927 0.019382 -0.039146 -0.054226 -0.020379 0.022609 -0.056512 0.031870 0.032240 -0.024479 -0.048482 0.055888 0.039846 0.063010 -0.032254 -0.016419 -0.007373 -0.077450 0.004612 0.005141 -0.105380 0.000000 0.006156 -0.050337 -0.081710 0.034363 -0.055038 -0.008449 -0.011293 -0.021427 -0.015751 0.024980 -0.051293 -0.014643 0.010856 0.084443 0.094757 -0.016611 0.007089 0.000972 0.067872 0.048917 0.055920 0.100540 -0.000513 -0.079843 0.102846 -0.021060 -0.085374 -0.058671 -0.008967 0.034384 -0.013566 -0.067150 -0.043378 -0.031876 -0.004833 -0.011462 0.013277 -0.062519 0.018354 -0.040476 -0.010638 -0.038738 -0.016355 -0.034399 0.003775 -0.080545 -0.116313 0.061394 -0.046377 0.024922 0.005099 -0.022057 0.125990 -0.077677 -0.008151 -0.010525 -0.041475 -0.069440 0.080206 0.144047 -0.006111 0.055177 0.002622 0.053605 -0.010772 -0.005747 0.060281 -0.004202 -0.005009 0.076044 -0.087202 -0.057560 0.032237 0.009503 -0.016466 0.057190 -0.048996 -0.025693 -0.129066 -0.015048 -0.002291 0.078318 -0.045845 -0.022289 -0.001227 -0.043305 -0.070579 -0.023087 0.006028 0.001967 0.010477 -0.060595 0.051353 0.052354 -0.037745 -0.000000 -0.021946 -0.051502 0.003668 -0.019363 -0.041148 -0.007391 -0.005677 -0.088985 0.007894 -0.031332 -0.051755 0.001030 0.028908 -0.069468 0.019916 -0.021173 -0.019068 -0.022063 0.023803 0.042537 -0.039166 0.028165 0.057679 0.027139 0.038474 0.022908 -0.095730 0.052440 0.021413 -0.029505 0.009161 -0.067710 -0.006348 0.004848 -0.006550 -0.015652 -0.008654 -0.046447 0.042589 -0.015470 0.115642 0.061566 -0.031946 0.021587 -0.001928 0.053426 -0.054306 -0.042752 0.003016 -0.057449 0.075311 -0.040415 0.096445 0.067461 0.027860 0.000667 0.122889 0.005368 0.012301 -0.032294 0.131105 -0.095405 0.016980 0.046614 -0.064772 -0.014601 0.052998 -0.012941 -0.039891 0.005335 0.008773 -0.068515 0.023310 -0.039527 0.015918 0.067062 -0.074337 -0.107518 -0.086290 0.028259 0.005573 -0.014185 -0.052328 0.059409 0.011354 -0.042942 0.015223 -0.000070 0.062507 -0.106033 -0.058705 -0.025674 -0.018719 0.049378 -0.041952 -0.000000 0.075702 -0.082829 0.092636 0.011339 0.038716 -0.026623 -0.012790 -0.067729 0.024829 -0.020080 0.096857 -0.028874 -0.033830 -0.118161 0.082802 0.046828 0.000718 0.025867 -0.017054 -0.092997 0.014693 -0.019294 -0.039923 0.073542 0.042666 0.011774 0.114081 -0.060113 0.003780 0.074747 -0.016658 -0.039981 0.082234 0.095953 0.000088 0.038007 0.078706 0.026008 0.107513 0.011153 -0.021010 -0.035560 -0.036708 0.035232 0.072350 -0.006846 -0.081386 0.030078 -0.038168 -0.012087 -0.046016 0.036388 -0.056777 0.129161 -0.006654 0.053973 -0.071304 -0.041558 0.073933 0.040619 0.005212 0.076497 0.054474 -0.064350 ]

VECTOR 4 (All 384 dimensions):
[ -0.068946 -0.054403 -0.112434 0.009248 -0.009603 -0.059693 0.041347 0.075550 0.073290 0.013719 -0.027329 0.049057 -0.031183 -0.092659 -0.043938 -0.033952 0.002183 -0.061601 -0.045402 0.008576 0.061094 -0.024837 -0.072308 0.042030 -0.082496 0.057211 0.002869 0.014865 0.064230 -0.008765 0.026622 -0.016367 0.098694 0.042229 0.038368 0.038280 0.033483 -0.100867 -0.073000 -0.007611 0.013003 0.013763 -0.059350 0.079114 0.039526 0.108573 -0.041237 -0.074647 -0.122997 -0.020906 -0.023628 0.032588 -0.067529 0.051632 0.002162 0.039149 0.095934 -0.069129 0.035052 0.056653 -0.060187 0.021402 0.000292 0.026886 0.064539 0.061795 0.008523 -0.003827 0.060230 -0.102215 -0.047258 0.042760 -0.084389 0.059313 -0.034445 -0.069757 -0.014973 -0.015713 -0.014662 -0.166555 0.017873 0.039719 -0.002173 -0.011403 0.018414 0.000187 0.037293 0.020591 -0.002370 -0.000495 0.041692 0.043644 -0.054489 -0.021834 0.045320 0.058423 0.052431 0.048345 0.066022 -0.031272 0.049742 0.021040 0.024315 0.061592 -0.038984 -0.088532 -0.038494 0.064733 -0.088622 -0.070872 -0.025351 0.050096 -0.033200 0.022878 0.002958 -0.051877 -0.006823 0.022118 -0.012616 0.057570 0.007434 0.016431 -0.000112 -0.011812 -0.026482 -0.061508 -0.013734 0.000000 -0.029046 -0.131805 -0.007417 -0.040730 -0.069384 -0.007050 0.043881 0.003778 0.003125 0.067465 -0.021213 -0.050504 0.002751 0.066907 0.027473 -0.015380 0.029368 0.032651 -0.013202 0.033736 0.088555 0.063192 -0.024072 0.056032 0.049220 0.025280 -0.103979 -0.009461 -0.070613 0.003697 0.018157 0.017041 -0.067590 0.010195 0.076175 0.023516 0.053280 0.000320 0.058470 -0.072145 0.026780 -0.035352 -0.021829 0.007956 -0.082975 -0.079398 -0.021852 0.023904 -0.054822 -0.010987 0.091922 -0.010731 0.069735 0.018830 -0.013536 0.020393 -0.005967 -0.044318 -0.003276 0.112402 0.012570 0.034004 -0.075970 0.044366 0.048630 0.012612 -0.030876 -0.059281 0.045344 -0.011377 -0.010251 -0.051550 0.025762 0.039872 -0.012110 0.061371 -0.052007 -0.052508 -0.174303 0.005999 0.036001 0.059251 -0.063654 -0.081371 -0.036174 -0.067864 0.002995 -0.087993 -0.051150 -0.032581 0.038824 -0.054944 0.064247 0.028978 -0.030290 -0.000000 0.088861 -0.070482 -0.012143 0.052064 -0.042826 0.018109 0.045125 -0.114548 0.006363 -0.026855 -0.068876 0.006040 0.018163 -0.017757 0.042394 0.012715 -0.002375 0.008849 0.029744 -0.001716 -0.053754 0.050272 0.005210 -0.041759 -0.041504 0.013054 -0.020934 0.023650 0.111432 -0.012435 -0.074726 -0.060657 0.012720 0.047743 -0.023736 -0.065147 0.044208 -0.031305 0.047384 -0.026704 0.031962 0.068171 0.002177 0.051065 0.016410 0.048703 -0.009601 0.018820 -0.068293 -0.063376 0.046591 0.001508 0.037167 0.067854 0.027632 0.053703 0.009840 -0.046287 0.050403 -0.040343 0.060488 -0.012682 0.001496 0.002747 0.020524 0.044292 0.030887 -0.095175 -0.048497 -0.085402 0.066126 -0.031641 -0.047238 -0.008118 -0.088988 -0.037275 -0.031716 -0.023444 -0.038949 0.048484 -0.070182 -0.014094 -0.033293 0.012648 -0.046865 -0.040983 0.030715 -0.000278 -0.028405 -0.108400 -0.028093 -0.020505 -0.013447 0.042637 0.000284 -0.000000 -0.008864 -0.066048 0.051067 0.047605 0.083363 -0.087324 0.069148 0.013554 0.032794 0.022405 0.070993 -0.016401 -0.047698 -0.094444 0.088443 0.075238 0.049063 -0.028909 0.009437 -0.015909 0.019525 -0.046488 -0.018231 0.020616 -0.016539 -0.067346 0.128777 0.065547 0.034254 0.027782 0.013347 0.008688 0.103292 0.055425 0.092464 -0.000317 0.039401 -0.008251 0.072396 -0.023203 -0.035790 -0.003993 -0.074328 0.018314 0.055673 0.059570 -0.119168 0.037212 -0.035953 0.006129 -0.021629 0.032079 -0.050204 0.088543 -0.006265 0.057945 0.017213 -0.089735 0.074780 0.062072 -0.051079 0.053227 0.019183 -0.044252 ]

VECTOR 5 (All 384 dimensions):
[ -0.069387 -0.014112 -0.049474 0.034451 -0.003334 -0.054792 -0.029155 0.070705 0.029632 0.011606 0.022530 0.007050 -0.070892 -0.030462 0.017390 -0.049705 0.106774 -0.129470 -0.048793 -0.053607 0.017239 -0.063576 -0.020734 -0.019888 -0.018553 -0.072806 -0.064593 -0.011963 0.035862 -0.006938 -0.011491 -0.042387 0.072810 0.027581 -0.013140 0.095096 -0.005314 -0.048758 -0.021396 -0.008589 -0.021711 0.003895 -0.046530 0.050440 0.029674 0.041683 -0.003624 -0.013187 -0.075920 -0.066012 -0.091229 0.050906 -0.015635 0.060180 0.064411 0.090119 0.069778 -0.052087 -0.072103 -0.004479 -0.110322 -0.081853 -0.044734 -0.003782 0.104875 0.037366 -0.025781 -0.037294 0.077843 0.002511 -0.005335 -0.006269 -0.071903 0.031167 -0.038284 0.003456 0.073216 0.072118 -0.040763 -0.086869 0.030292 0.012413 -0.000696 -0.088167 0.023485 -0.009478 -0.016487 0.078211 0.027732 -0.026219 0.047803 0.084931 0.001597 0.023551 0.045250 0.031579 0.055916 0.016258 0.018046 -0.048630 0.040651 -0.046628 0.034006 0.045036 -0.032260 -0.063168 -0.009855 0.107540 -0.057366 -0.031038 0.077452 -0.020420 0.061885 -0.029369 -0.025632 0.107889 0.006323 -0.006237 0.060996 0.030393 -0.002902 0.042037 -0.002413 -0.096050 -0.032912 -0.033644 -0.019463 0.000000 -0.070531 -0.048682 -0.021576 -0.110393 -0.013861 -0.069911 0.016073 -0.028408 0.004684 -0.055490 -0.007381 -0.081329 -0.045496 -0.021855 -0.059574 -0.076539 0.102007 0.002304 0.004813 -0.044605 0.075969 -0.080633 -0.104565 0.034414 0.063261 -0.003005 0.015307 -0.041158 -0.076110 0.019965 0.001145 0.054075 -0.123866 0.011396 0.017764 -0.019646 0.042124 0.027437 0.012182 -0.063758 -0.029436 0.027893 0.004890 0.013645 -0.039001 -0.092155 -0.068370 -0.004816 0.021420 0.089731 0.079180 -0.019113 0.081920 -0.016247 0.004849 0.033270 0.094450 0.036532 -0.034251 0.145800 0.024237 -0.066056 -0.073428 0.000937 -0.030037 0.009126 -0.008766 -0.052685 0.026977 0.120758 -0.043268 -0.016041 0.078219 -0.029655 0.050855 0.033992 0.033330 -0.070015 -0.043880 -0.032312 -0.042124 0.020839 -0.091255 -0.052793 -0.007876 -0.060863 0.005837 -0.026729 0.011028 -0.051899 0.000659 -0.011625 0.088638 0.087525 -0.100101 -0.000000 0.075472 -0.064782 -0.031125 0.080918 0.037760 0.003450 0.034214 -0.033418 0.021645 -0.003340 -0.060834 -0.030215 0.013534 0.017696 -0.016422 -0.020550 0.091797 -0.048780 0.055716 0.072571 0.016180 -0.035372 -0.048062 -0.039171 -0.002820 0.043188 0.009967 0.016025 0.018383 -0.066032 -0.039060 -0.067545 0.006611 0.063663 0.003633 0.021671 0.017669 0.049997 0.016001 0.036548 0.112196 -0.037110 -0.056619 -0.000175 -0.040472 0.077188 -0.020820 -0.059860 -0.071119 0.065473 0.031870 0.035275 0.122165 0.106691 -0.012957 -0.058453 0.071928 -0.042692 -0.002219 0.039854 0.070500 -0.062084 0.088338 -0.011484 0.071642 -0.001732 -0.019483 0.023721 -0.003760 -0.027939 0.006681 0.111526 -0.003292 0.018932 -0.086223 0.029054 0.013039 -0.010715 0.018742 0.024342 -0.098409 0.069175 -0.037210 0.027816 -0.055947 0.004107 0.089330 -0.033010 0.046773 -0.070693 0.008285 0.028167 0.078053 0.076730 -0.007455 -0.000000 0.040095 -0.093331 0.014393 0.015303 0.130092 0.010718 0.033928 -0.028850 0.012629 -0.007999 0.051137 -0.010800 0.041168 -0.054779 0.060823 0.027017 -0.004136 -0.076399 -0.001086 -0.059877 -0.034740 -0.001073 -0.016111 -0.035659 -0.068067 0.000116 0.069769 0.029836 0.026745 -0.040461 -0.133374 0.028101 0.028460 0.034735 -0.032379 -0.001987 -0.016501 -0.028376 0.027631 0.053308 0.030124 0.016759 -0.043639 -0.011831 0.055440 -0.025494 -0.102731 0.031863 0.018342 0.025421 -0.008896 0.010152 -0.020698 0.018224 -0.004805 0.037210 0.008040 -0.073001 0.014441 0.052465 0.060223 0.002768 0.030962 0.025608 ]

