VECTOR EMBEDDINGS (FULL 384 DIMENSIONS)
================================================================================

Total vectors: 1
Dimensions per vector: 384
Showing first 5 vectors with all 384 dimensions:

================================================================================

VECTOR 1 (All 384 dimensions):
[ -0.058814 0.031413 -0.045643 0.031910 -0.077146 -0.063297 -0.007128 0.070640 -0.061406 0.020718 -0.026864 -0.062008 0.099518 0.054036 0.031108 -0.010361 -0.015012 -0.060576 0.045775 -0.100706 -0.003336 0.050361 0.051533 -0.033557 -0.009961 0.026732 -0.039366 -0.012268 0.049242 -0.028167 0.007915 0.042986 -0.017974 0.026917 0.029250 0.033124 0.000016 -0.008198 -0.000914 -0.064505 -0.089833 -0.060100 0.033093 0.016256 0.063961 -0.042004 -0.069484 -0.035523 0.053706 0.074867 -0.123957 -0.050078 0.034706 -0.025083 0.027653 0.016973 0.043535 0.000341 -0.030487 -0.071010 -0.106961 -0.063326 0.003744 0.005808 0.047600 -0.041923 0.020239 0.056379 0.093514 -0.055547 -0.073377 0.047457 -0.032349 0.089946 -0.020677 0.002943 -0.074664 -0.050651 0.020316 -0.006014 -0.002826 -0.019913 0.030376 0.074357 -0.019669 0.005780 0.046586 0.043829 0.014007 -0.019485 0.057555 -0.006834 0.105863 0.059221 0.061512 0.010555 0.053182 -0.017775 -0.069001 0.078186 0.049826 0.026963 -0.007338 -0.075984 -0.067281 0.030007 0.046671 0.010617 0.055553 -0.096273 -0.070096 0.015867 -0.020891 -0.089402 -0.013467 0.029294 0.048141 0.062357 -0.012798 0.050628 0.002410 0.093385 -0.052563 -0.025781 0.071489 -0.042954 -0.012259 0.000000 0.033426 0.010821 -0.023328 0.096209 0.028961 -0.032105 0.052521 0.048186 -0.054339 -0.053987 0.013604 0.074621 -0.076105 0.041180 0.155060 -0.098234 -0.055167 0.012006 -0.010880 0.013656 -0.019886 -0.094761 0.103643 -0.045724 0.072595 0.039574 0.049019 -0.000840 0.036897 -0.002035 -0.046743 -0.090032 -0.084469 -0.083547 0.003275 -0.020183 -0.023606 -0.099781 -0.045846 0.051524 -0.054762 0.013139 0.055314 0.003692 -0.050957 0.012878 0.010012 0.043729 0.104116 0.016931 -0.028718 0.015782 0.002092 -0.083389 0.058725 0.034129 0.048056 0.004646 0.006669 0.045362 0.005635 0.015982 -0.030258 0.057076 0.015811 0.002343 0.021603 0.034767 0.131852 0.012181 0.005337 -0.065290 0.047904 -0.005916 0.022220 0.007102 -0.067839 -0.009290 0.011583 -0.067558 0.029687 0.008778 0.013766 -0.146324 0.041431 -0.002420 0.041668 -0.055304 -0.040844 -0.065094 0.025103 0.037764 0.045588 0.026546 -0.002944 -0.000000 -0.038579 -0.047165 -0.124190 0.052959 0.056688 -0.048319 0.043122 -0.050859 0.023245 -0.030444 -0.037032 0.016154 0.021628 0.008421 0.003651 0.010196 -0.076552 -0.027870 -0.033206 0.059430 -0.054012 0.110969 -0.086557 -0.025294 -0.070658 0.015858 -0.006965 -0.043894 0.030640 0.054972 -0.013499 -0.062427 -0.037258 0.030924 0.015716 -0.008442 0.043675 -0.022689 -0.038062 0.109527 0.045560 0.061776 0.000630 -0.032388 -0.001984 0.067769 -0.137408 0.015289 -0.012046 -0.006214 -0.001019 0.002473 0.003144 -0.090205 0.042281 -0.017574 -0.078486 0.025439 -0.084546 -0.007131 -0.055316 0.000098 0.081007 0.015829 0.022296 -0.030357 -0.048003 -0.018026 -0.099294 -0.010991 -0.024106 -0.048565 0.056587 -0.061211 0.032407 0.048467 -0.029734 0.051411 0.012599 -0.082308 -0.012938 0.057486 -0.024795 0.093171 -0.029459 0.012776 0.048145 0.056194 0.042007 0.030817 0.031113 0.039783 0.100396 0.035291 -0.018115 -0.000000 -0.001295 -0.033816 -0.084357 0.031518 0.013283 0.003517 -0.055730 -0.007323 -0.000539 0.037597 0.019635 -0.025694 -0.045867 0.012107 0.011459 0.012684 0.024753 0.041929 -0.027648 -0.139697 0.052011 0.009821 -0.024245 0.095710 -0.030927 0.038361 -0.012540 0.035590 0.028388 -0.016094 0.052645 -0.031274 -0.051800 -0.063206 0.090855 0.016180 0.005889 0.024415 0.046040 0.077335 -0.024195 -0.061467 0.047734 0.013876 0.015570 -0.015691 -0.130308 -0.052756 -0.016668 -0.061198 -0.057612 -0.086767 -0.027775 -0.024672 0.092950 0.069960 0.013537 0.015054 0.001676 0.022900 0.145194 0.010894 -0.001583 0.023907 ]

