VECTOR EMBEDDINGS (FULL 384 DIMENSIONS)
================================================================================

Total vectors: 1
Dimensions per vector: 384
Showing first 5 vectors with all 384 dimensions:

================================================================================

VECTOR 1 (All 384 dimensions):
[ -0.041430 -0.078041 -0.064561 -0.041061 0.016547 -0.073101 -0.006308 0.047921 0.107362 0.032237 -0.057259 0.016003 0.005315 -0.061179 0.031125 -0.058198 0.057862 -0.050767 -0.116270 -0.013810 0.102642 -0.055533 0.011528 0.061391 0.015967 0.028253 -0.067923 -0.020223 0.008097 0.062394 0.034431 -0.019660 0.014078 0.015460 -0.036312 0.055722 -0.046535 -0.084164 -0.061530 0.031232 -0.060113 0.007972 -0.105977 -0.027169 -0.014158 0.023855 -0.133711 -0.074129 -0.068721 -0.022749 -0.062447 -0.022668 -0.135098 0.051174 0.000050 0.013015 0.049098 -0.053285 -0.019273 0.032911 -0.052085 -0.024121 -0.018191 0.042989 0.122469 0.019739 0.035082 -0.052101 0.050666 -0.086785 -0.061274 -0.022909 -0.042823 0.040122 0.013766 -0.075561 -0.020808 0.010659 -0.081012 -0.111415 0.042702 0.079842 0.022065 0.006281 0.033941 -0.060469 0.001692 -0.005160 0.032589 0.024789 -0.000811 0.020290 0.007893 0.008268 0.062747 0.028443 0.014025 0.081584 0.028504 -0.019371 0.037903 -0.053080 0.079131 -0.052619 0.006075 0.005530 0.023331 0.017283 -0.058230 -0.103394 -0.015279 0.012198 -0.003457 -0.003032 -0.065530 -0.016537 0.066190 0.022726 0.048679 0.172678 -0.004701 -0.062933 0.025270 -0.060219 -0.007060 -0.079627 -0.029173 0.000000 0.004359 -0.076424 -0.025076 0.009818 -0.033984 0.030251 -0.022121 0.051699 -0.048597 -0.019551 0.080591 0.001369 0.014934 0.107571 0.045245 -0.022183 0.029874 0.010801 0.031164 0.010191 0.098906 -0.006671 -0.015082 0.030865 0.049437 -0.017488 0.028221 -0.071306 -0.065218 0.015587 -0.021031 0.003259 -0.026495 0.026507 0.018364 0.013191 0.011744 -0.029788 0.052366 -0.006942 -0.056392 -0.028634 0.063686 -0.071218 -0.010335 0.008855 -0.086284 0.038135 -0.069837 -0.004417 0.084774 -0.003849 0.086649 0.025587 0.037190 0.051013 -0.006400 -0.040651 0.039574 0.121888 0.008267 0.049492 -0.094826 0.078991 0.059974 -0.013921 0.000995 0.045065 0.066439 0.005453 -0.076197 -0.045126 0.004723 0.011602 0.021494 0.055443 -0.056164 -0.049689 -0.098058 0.033102 -0.052649 0.032761 -0.028443 -0.114807 -0.075759 0.017521 -0.053192 -0.099285 -0.004469 -0.032290 0.050756 0.006146 -0.009816 0.013973 -0.033576 -0.000000 0.012083 -0.073950 -0.103752 0.109152 0.052699 0.052704 0.009786 -0.088249 -0.077666 -0.024603 -0.081647 -0.024235 -0.030298 0.017115 0.044137 -0.013230 0.023244 0.027882 0.010262 0.077340 0.040633 0.003600 0.038685 -0.051835 0.009979 -0.076894 -0.026651 -0.006288 0.037519 0.006238 -0.011189 -0.026339 0.057613 0.010259 -0.002035 0.015585 0.045799 0.005523 -0.002861 -0.012987 0.046059 0.007267 0.066183 0.041122 -0.012714 0.054291 -0.111181 -0.027252 0.001124 0.021042 0.013939 -0.051494 -0.017777 0.046918 0.023246 -0.067018 0.040657 -0.092578 -0.023666 -0.074245 0.055745 -0.021434 0.060692 0.015561 0.068260 0.048727 0.015854 -0.090211 -0.036456 -0.001553 0.035480 -0.021855 -0.001790 -0.046415 -0.061727 0.007794 0.002904 -0.090166 -0.122043 0.047684 -0.016600 -0.031788 0.011010 0.024081 -0.140206 -0.005947 0.041776 0.119303 -0.002717 -0.114249 0.027721 0.051388 0.000611 0.052194 0.025276 -0.000000 0.073674 -0.026140 0.014086 0.043341 0.036632 -0.028671 0.005734 -0.026997 0.027767 0.070213 0.076298 -0.051269 -0.020552 -0.059285 0.106464 0.006437 0.068854 0.041549 0.027208 -0.017570 0.062529 -0.025254 0.004740 0.083640 -0.002682 -0.066421 0.042452 0.081456 0.020478 -0.034122 -0.015486 0.009319 0.010098 -0.001287 -0.008653 0.009832 0.023729 0.024405 0.032148 -0.032133 0.020120 0.029479 0.036455 0.053708 0.116920 -0.010795 -0.100981 0.010464 -0.045515 -0.017898 -0.032614 0.040957 0.026184 0.118449 0.035294 0.044946 0.004238 -0.062726 0.028289 0.058265 0.055752 0.029120 -0.018216 0.017458 ]

